0 (594)
1 (1535)
2 (673)
3 (531)
4 (1394)
5 (1094)
6 (2149)
7 (997)
8 (3090)
10 (1351)
11 (525)
12 (3415)
17 (1683)
18 (813)
21 (2666)
25 (1395)
26 (527)
27 (2165)
28 (1454)
31 (1666)
32 (4248)
33 (1460)
35 (1984)
36 (528)
37 (1249)
38 (2402)
39 (4258)
41 (1353)
43 (1721)
44 (903)
45 (1728)
46 (543)
48 (2472)
51 (1612)
52 (1983)
53 (535)
54 (2595)
55 (1959)
57 (2743)
58 (1330)
66 (888)
68 (1601)
69 (2370)
70 (2411)
71 (3507)
72 (2852)
73 (2179)
75 (3151)
78 (2471)
80 (826)
82 (674)
85 (1555)
90 (1875)
93 (2777)
94 (1201)
95 (841)
96 (975)
97 (1466)
100 (1749)
104 (1158)
105 (1100)
108 (940)
110 (1801)
111 (1171)
112 (2680)
114 (816)
115 (1775)
116 (2193)
117 (731)
118 (916)
120 (4973)
122 (1081)
125 (1287)
126 (1075)
128 (525)
129 (1547)
130 (1711)
132 (2641)
136 (707)
139 (671)
140 (2687)
143 (1417)
144 (505)
145 (4559)
147 (1383)
151 (2611)
154 (1447)
155 (697)
156 (572)
157 (1140)
158 (884)
159 (542)
160 (987)
161 (2320)
162 (1450)
163 (1256)
164 (744)
167 (625)
168 (1538)
170 (1203)
171 (1097)
172 (663)
173 (1080)
174 (579)
175 (2791)
176 (582)
177 (4629)
178 (654)
181 (1235)
183 (3883)
185 (1529)
187 (759)
188 (650)
190 (531)
192 (2004)
193 (925)
194 (517)
196 (2096)
197 (1230)
198 (1461)
201 (1029)
203 (861)
204 (2174)
205 (3605)
207 (1214)
208 (1483)
210 (2009)
212 (778)
213 (522)
214 (1893)
215 (781)
216 (525)
217 (5375)
220 (717)
224 (919)
226 (658)
227 (1818)
229 (2281)
234 (1416)
236 (2618)
239 (2742)
240 (1399)
241 (784)
242 (2325)
249 (615)
252 (781)
256 (785)
258 (1036)
259 (1522)
262 (660)
263 (654)
265 (1359)
266 (1022)
268 (885)
272 (659)
274 (2628)
275 (1692)
276 (2479)
277 (982)
278 (657)
279 (3014)
280 (2108)
283 (4082)
285 (2600)
290 (1793)
294 (1445)
295 (712)
296 (2210)
298 (778)
299 (522)
300 (582)
304 (805)
307 (702)
308 (1402)
309 (1262)
310 (1390)
314 (846)
315 (533)
316 (578)
318 (812)
319 (1371)
320 (540)
321 (676)
322 (1154)
325 (1022)
326 (1488)
327 (662)
328 (663)
329 (964)
332 (1861)
334 (2146)
335 (1345)
336 (1071)
339 (695)
343 (1599)
345 (801)
346 (3470)
347 (885)
348 (1226)
349 (2041)
350 (3069)
351 (1641)
352 (902)
354 (5835)
355 (958)
357 (1142)
361 (1104)
362 (4388)
364 (567)
366 (1031)
368 (7828)
369 (592)
373 (2007)
377 (1149)
378 (1149)
381 (2959)
383 (668)
385 (1676)
387 (2089)
388 (938)
390 (2685)
392 (2420)
394 (1145)
395 (990)
401 (3667)
403 (1722)
405 (1525)
406 (785)
407 (634)
408 (607)
409 (651)
411 (2047)
412 (517)
413 (2637)
414 (1160)
415 (877)
417 (971)
419 (5057)
421 (656)
422 (1255)
423 (1412)
424 (1448)
427 (1856)
428 (1021)
429 (1037)
430 (580)
432 (985)
436 (589)
438 (4511)
440 (1943)
447 (863)
448 (1370)
449 (1890)
450 (2082)
456 (804)
458 (1124)
460 (4438)
461 (1498)
464 (848)
467 (742)
468 (1089)
469 (1502)
470 (4137)
471 (2894)
472 (2125)
474 (815)
475 (663)
477 (2462)
478 (522)
480 (2309)
481 (888)
484 (971)
486 (1547)
487 (3135)
489 (3420)
490 (1066)
492 (665)
493 (583)
494 (5102)
496 (1428)
499 (743)
500 (1444)
504 (1296)
505 (791)
507 (950)
509 (3044)
510 (3281)
511 (1015)
512 (611)
513 (1287)
515 (1166)
516 (1544)
517 (1201)
518 (759)
521 (1582)
522 (2725)
523 (2244)
525 (609)
526 (2793)
527 (1185)
528 (576)
529 (7057)
530 (1263)
533 (772)
534 (1531)
538 (3982)
540 (1293)
541 (3735)
544 (773)
546 (1050)
548 (2843)
550 (1203)
554 (1114)
557 (587)
558 (957)
561 (2783)
563 (1065)
565 (640)
567 (1102)
568 (956)
569 (2835)
571 (2902)
572 (1589)
573 (1229)
574 (1297)
576 (1337)
577 (1695)
578 (1290)
579 (2164)
580 (1667)
581 (2943)
583 (1389)
585 (856)
590 (814)
591 (1241)
593 (2601)
594 (1516)
595 (797)
597 (2883)
598 (3219)
600 (1192)
605 (1652)
606 (2668)
608 (999)
611 (1444)
614 (3134)
616 (568)
617 (2614)
618 (1337)
620 (2100)
622 (826)
623 (1845)
624 (915)
626 (874)
628 (1102)
629 (893)
630 (1523)
631 (2793)
632 (1070)
633 (780)
634 (2492)
638 (2288)
639 (1572)
640 (932)
641 (1494)
642 (830)
645 (581)
647 (551)
648 (653)
649 (1292)
651 (1288)
653 (2634)
657 (506)
658 (1881)
659 (835)
660 (610)
661 (2693)
663 (2354)
665 (1297)
672 (743)
673 (1635)
674 (2527)
675 (2976)
676 (2717)
678 (1329)
682 (4132)
684 (5408)
686 (1495)
687 (1762)
688 (1132)
689 (817)
690 (778)
692 (4993)
694 (2847)
701 (1283)
703 (546)
704 (1794)
705 (888)
706 (1923)
707 (1354)
708 (1090)
709 (672)
710 (1044)
711 (714)
712 (845)
713 (716)
716 (1199)
718 (1238)
719 (663)
720 (3864)
722 (5845)
723 (829)
730 (602)
731 (560)
732 (799)
733 (1141)
735 (1689)
736 (1470)
738 (2129)
740 (1632)
742 (953)
744 (2177)
745 (909)
746 (1982)
749 (1330)
752 (2578)
753 (578)
758 (2860)
759 (788)
760 (698)
762 (792)
763 (1862)
765 (1705)
766 (6265)
769 (1622)
771 (505)
774 (2046)
775 (3771)
778 (2514)
780 (2306)
782 (2767)
784 (1257)
785 (947)
788 (2386)
789 (4309)
790 (1094)
792 (1306)
793 (3063)
794 (624)
795 (3361)
797 (2684)
798 (3103)
800 (1916)
801 (835)
803 (2237)
804 (1315)
805 (1789)
809 (2163)
810 (1267)
812 (1518)
814 (1672)
815 (1358)
819 (1257)
820 (1473)
823 (1031)
824 (565)
825 (3085)
826 (2022)
828 (542)
829 (6810)
830 (841)
831 (852)
832 (2062)
833 (629)
834 (1373)
835 (732)
837 (619)
838 (953)
839 (854)
841 (1927)
842 (752)
843 (1222)
844 (2814)
845 (585)
846 (1480)
851 (577)
852 (538)
853 (1804)
854 (2847)
855 (939)
857 (1588)
858 (866)
859 (1242)
860 (1255)
862 (3649)
867 (1530)
868 (510)
871 (2810)
874 (2237)
878 (2047)
879 (865)
883 (4902)
884 (1645)
885 (3043)
886 (3053)
887 (1671)
888 (3686)
890 (1437)
893 (1947)
895 (3385)
897 (1935)
899 (1252)
900 (1165)
903 (711)
905 (640)
906 (1444)
909 (525)
910 (1695)
911 (586)
912 (1009)
913 (1939)
914 (4037)
918 (3012)
919 (3710)
921 (2425)
922 (990)
923 (1753)
925 (652)
926 (672)
928 (1034)
932 (1786)
933 (523)
934 (510)
935 (1742)
937 (4681)
938 (766)
940 (536)
941 (1126)
943 (821)
944 (2794)
945 (536)
946 (1350)
947 (3690)
948 (1149)
949 (1414)
950 (1463)
952 (1574)
953 (525)
956 (3626)
960 (2732)
963 (1327)
964 (1518)
966 (3921)
967 (1695)
969 (849)
970 (2086)
973 (512)
975 (1764)
978 (1141)
980 (899)
981 (1542)
982 (1640)
984 (1756)
988 (1164)
989 (1289)
991 (1268)
992 (1116)
995 (1521)
998 (2713)
4 373 (563)
716 4 (567)
32 6 (563)
472 6 (591)
676 6 (742)
132 12 (721)
227 12 (616)
12 390 (646)
722 12 (699)
17 541 (580)
17 956 (574)
57 21 (607)
21 205 (594)
21 413 (716)
793 21 (726)
857 21 (690)
32 285 (670)
32 472 (565)
32 947 (703)
33 217 (780)
33 283 (773)
33 346 (774)
33 515 (753)
362 38 (553)
145 39 (667)
368 39 (553)
704 39 (1079)
825 39 (1143)
41 541 (554)
52 598 (532)
944 54 (581)
998 54 (578)
368 57 (525)
57 937 (732)
58 354 (581)
69 285 (501)
362 69 (700)
69 871 (503)
684 70 (810)
765 70 (753)
819 70 (762)
766 71 (572)
72 183 (501)
72 541 (729)
72 937 (552)
75 438 (676)
75 684 (701)
75 775 (740)
93 789 (527)
362 100 (550)
105 494 (587)
105 815 (580)
105 862 (580)
944 105 (591)
673 116 (559)
120 593 (596)
120 829 (553)
120 862 (620)
120 895 (639)
130 274 (520)
132 638 (503)
688 132 (568)
460 143 (536)
481 143 (539)
919 143 (545)
145 419 (595)
168 154 (509)
354 158 (613)
158 583 (609)
617 158 (606)
766 175 (525)
834 175 (533)
910 175 (666)
177 947 (573)
366 183 (595)
766 183 (593)
185 471 (638)
185 678 (622)
960 185 (635)
192 935 (729)
197 878 (538)
208 290 (740)
208 458 (733)
208 888 (768)
208 969 (743)
354 214 (731)
956 214 (551)
217 283 (852)
217 346 (1248)
217 394 (520)
217 487 (526)
217 510 (517)
217 515 (770)
217 546 (544)
217 561 (503)
217 661 (636)
888 217 (523)
217 923 (569)
217 947 (661)
227 390 (996)
722 227 (946)
236 829 (531)
242 471 (673)
242 758 (657)
489 279 (524)
346 283 (836)
515 283 (762)
285 871 (511)
947 285 (661)
290 458 (723)
888 290 (765)
969 290 (734)
296 368 (622)
296 829 (716)
509 335 (615)
346 515 (778)
561 346 (640)
888 346 (663)
912 348 (551)
411 350 (572)
572 350 (561)
579 350 (578)
803 350 (581)
842 350 (549)
354 583 (630)
617 354 (648)
354 722 (515)
354 956 (570)
368 470 (569)
368 494 (812)
368 529 (592)
368 653 (543)
368 682 (1094)
368 692 (880)
368 766 (502)
368 829 (1175)
368 937 (657)
716 373 (576)
385 684 (613)
722 390 (993)
392 489 (824)
392 801 (606)
392 862 (776)
401 460 (524)
401 571 (692)
401 758 (562)
411 572 (559)
579 411 (566)
803 411 (729)
842 411 (552)
793 413 (727)
857 413 (692)
419 581 (532)
752 419 (585)
419 797 (589)
684 438 (729)
966 438 (606)
448 538 (675)
448 887 (574)
937 450 (551)
888 458 (735)
969 458 (725)
481 460 (507)
684 460 (603)
460 919 (571)
923 460 (544)
534 470 (717)
793 470 (538)
995 470 (712)
663 471 (614)
678 471 (765)
758 471 (682)
871 471 (624)
960 471 (865)
477 766 (502)
481 919 (517)
510 487 (610)
888 487 (512)
541 494 (664)
494 631 (630)
682 494 (666)
494 815 (591)
862 494 (684)
883 494 (579)
944 494 (621)
963 494 (583)
496 626 (749)
937 509 (628)
744 516 (660)
617 522 (572)
523 998 (539)
529 591 (500)
529 598 (918)
529 782 (838)
529 829 (510)
995 534 (708)
538 878 (686)
541 631 (594)
956 541 (538)
963 541 (560)
546 661 (554)
546 923 (544)
546 947 (552)
888 561 (652)
569 862 (516)
571 623 (743)
795 571 (798)
571 853 (754)
579 572 (550)
803 572 (552)
842 572 (541)
803 579 (567)
842 579 (549)
580 871 (507)
581 631 (534)
581 966 (601)
617 583 (601)
593 862 (570)
593 895 (585)
597 766 (541)
782 598 (776)
606 975 (644)
617 885 (586)
795 623 (765)
853 623 (752)
735 631 (513)
780 631 (518)
963 631 (561)
923 661 (566)
947 661 (581)
871 663 (605)
720 674 (514)
675 701 (512)
675 886 (767)
960 678 (627)
684 765 (775)
684 766 (527)
819 684 (763)
746 692 (507)
692 766 (516)
704 825 (1074)
704 884 (535)
883 708 (537)
720 780 (566)
780 735 (505)
746 966 (553)
819 765 (749)
960 766 (585)
883 774 (535)
956 788 (706)
789 829 (1166)
793 857 (694)
793 914 (538)
984 793 (621)
795 853 (767)
862 798 (509)
801 862 (616)
842 803 (555)
862 815 (580)
944 815 (592)
825 879 (526)
899 854 (529)
862 895 (590)
944 862 (623)
978 883 (529)
937 884 (568)
888 969 (749)
984 914 (517)
923 947 (771)
944 998 (577)
4 716 373 (522)
32 472 6 (502)
227 12 390 (566)
722 227 12 (568)
722 12 390 (588)
793 21 413 (661)
793 21 857 (656)
857 21 413 (649)
32 947 285 (593)
33 283 217 (721)
33 346 217 (732)
33 515 217 (718)
33 346 283 (732)
515 33 283 (715)
33 346 515 (728)
704 825 39 (1007)
944 998 54 (519)
684 765 70 (660)
819 684 70 (665)
819 765 70 (662)
75 684 438 (579)
105 494 815 (518)
105 862 494 (515)
105 862 815 (512)
944 105 494 (524)
944 105 815 (532)
944 105 862 (525)
120 593 862 (527)
120 593 895 (533)
120 862 895 (526)
354 158 583 (565)
617 354 158 (566)
617 158 583 (560)
185 678 471 (615)
960 185 471 (614)
960 185 678 (610)
208 290 458 (688)
208 888 290 (703)
208 969 290 (701)
208 888 458 (696)
208 969 458 (692)
208 888 969 (710)
217 346 283 (755)
515 217 283 (726)
217 346 515 (738)
217 546 661 (530)
217 546 923 (521)
217 546 947 (523)
217 923 661 (528)
217 947 661 (528)
217 923 947 (528)
722 227 390 (858)
242 758 471 (595)
515 346 283 (735)
888 290 458 (689)
888 969 290 (704)
969 290 458 (685)
888 561 346 (579)
411 572 350 (514)
579 411 350 (511)
579 572 350 (506)
803 411 350 (521)
803 572 350 (511)
579 803 350 (513)
842 411 350 (515)
842 572 350 (510)
842 579 350 (511)
842 803 350 (518)
617 354 583 (556)
368 682 494 (544)
392 801 862 (579)
572 579 411 (510)
572 803 411 (516)
579 803 411 (522)
842 411 572 (511)
579 842 411 (518)
803 842 411 (524)
793 413 857 (652)
888 969 458 (695)
995 534 470 (625)
471 663 871 (549)
960 678 471 (616)
541 494 631 (525)
494 862 815 (513)
944 494 815 (521)
944 862 494 (518)
963 541 494 (521)
963 494 631 (518)
529 782 598 (714)
963 541 631 (510)
546 923 661 (536)
546 947 661 (537)
546 923 947 (529)
571 853 623 (674)
571 795 623 (664)
571 795 853 (676)
579 803 572 (508)
842 579 572 (508)
842 803 572 (511)
803 842 579 (519)
593 862 895 (528)
795 853 623 (681)
947 923 661 (535)
819 684 765 (662)
944 862 815 (519)
722 227 390 12 (537)
21 857 793 413 (625)
33 217 346 283 (696)
33 515 217 346 (695)
33 515 346 283 (694)
819 70 684 765 (595)
593 120 862 895 (517)
354 583 617 158 (527)
960 678 471 185 (606)
208 290 888 458 (659)
208 290 888 969 (673)
208 290 969 458 (656)
208 888 969 458 (664)
515 217 346 283 (702)
546 661 217 923 (516)
546 947 661 217 (518)
546 947 217 923 (510)
947 661 217 923 (513)
290 888 969 458 (659)
546 947 661 923 (523)
571 853 795 623 (616)
290 969 458 208 888 (632)
546 947 661 217 923 (505)
