0 (594)
1 (1535)
2 (673)
3 (531)
4 (1394)
5 (1094)
6 (2149)
7 (997)
8 (3090)
10 (1351)
11 (525)
12 (3415)
17 (1683)
18 (813)
21 (2666)
25 (1395)
26 (527)
27 (2165)
28 (1454)
31 (1666)
32 (4248)
33 (1460)
35 (1984)
36 (528)
37 (1249)
38 (2402)
39 (4258)
41 (1353)
43 (1721)
44 (903)
45 (1728)
46 (543)
48 (2472)
51 (1612)
52 (1983)
53 (535)
54 (2595)
55 (1959)
57 (2743)
58 (1330)
66 (888)
68 (1601)
69 (2370)
70 (2411)
71 (3507)
72 (2852)
73 (2179)
75 (3151)
78 (2471)
80 (826)
82 (674)
85 (1555)
90 (1875)
93 (2777)
94 (1201)
95 (841)
96 (975)
97 (1466)
100 (1749)
104 (1158)
105 (1100)
108 (940)
110 (1801)
111 (1171)
112 (2680)
114 (816)
115 (1775)
116 (2193)
117 (731)
118 (916)
120 (4973)
122 (1081)
125 (1287)
126 (1075)
128 (525)
129 (1547)
130 (1711)
132 (2641)
136 (707)
139 (671)
140 (2687)
143 (1417)
144 (505)
145 (4559)
147 (1383)
151 (2611)
154 (1447)
155 (697)
156 (572)
157 (1140)
158 (884)
159 (542)
160 (987)
161 (2320)
162 (1450)
163 (1256)
164 (744)
167 (625)
168 (1538)
170 (1203)
171 (1097)
172 (663)
173 (1080)
174 (579)
175 (2791)
176 (582)
177 (4629)
178 (654)
181 (1235)
183 (3883)
185 (1529)
187 (759)
188 (650)
190 (531)
192 (2004)
193 (925)
194 (517)
196 (2096)
197 (1230)
198 (1461)
201 (1029)
203 (861)
204 (2174)
205 (3605)
207 (1214)
208 (1483)
210 (2009)
212 (778)
213 (522)
214 (1893)
215 (781)
216 (525)
217 (5375)
220 (717)
224 (919)
226 (658)
227 (1818)
229 (2281)
234 (1416)
236 (2618)
239 (2742)
240 (1399)
241 (784)
242 (2325)
249 (615)
252 (781)
256 (785)
258 (1036)
259 (1522)
262 (660)
263 (654)
265 (1359)
266 (1022)
268 (885)
272 (659)
274 (2628)
275 (1692)
276 (2479)
277 (982)
278 (657)
279 (3014)
280 (2108)
283 (4082)
285 (2600)
290 (1793)
294 (1445)
295 (712)
296 (2210)
298 (778)
299 (522)
300 (582)
304 (805)
307 (702)
308 (1402)
309 (1262)
310 (1390)
314 (846)
315 (533)
316 (578)
318 (812)
319 (1371)
320 (540)
321 (676)
322 (1154)
325 (1022)
326 (1488)
327 (662)
328 (663)
329 (964)
332 (1861)
334 (2146)
335 (1345)
336 (1071)
339 (695)
343 (1599)
345 (801)
346 (3470)
347 (885)
348 (1226)
349 (2041)
350 (3069)
351 (1641)
352 (902)
354 (5835)
355 (958)
357 (1142)
361 (1104)
362 (4388)
364 (567)
366 (1031)
368 (7828)
369 (592)
373 (2007)
377 (1149)
378 (1149)
381 (2959)
383 (668)
385 (1676)
387 (2089)
388 (938)
390 (2685)
392 (2420)
394 (1145)
395 (990)
401 (3667)
403 (1722)
405 (1525)
406 (785)
407 (634)
408 (607)
409 (651)
411 (2047)
412 (517)
413 (2637)
414 (1160)
415 (877)
417 (971)
419 (5057)
421 (656)
422 (1255)
423 (1412)
424 (1448)
427 (1856)
428 (1021)
429 (1037)
430 (580)
432 (985)
436 (589)
438 (4511)
440 (1943)
447 (863)
448 (1370)
449 (1890)
450 (2082)
456 (804)
458 (1124)
460 (4438)
461 (1498)
464 (848)
467 (742)
468 (1089)
469 (1502)
470 (4137)
471 (2894)
472 (2125)
474 (815)
475 (663)
477 (2462)
478 (522)
480 (2309)
481 (888)
484 (971)
486 (1547)
487 (3135)
489 (3420)
490 (1066)
492 (665)
493 (583)
494 (5102)
496 (1428)
499 (743)
500 (1444)
504 (1296)
505 (791)
507 (950)
509 (3044)
510 (3281)
511 (1015)
512 (611)
513 (1287)
515 (1166)
516 (1544)
517 (1201)
518 (759)
521 (1582)
522 (2725)
523 (2244)
525 (609)
526 (2793)
527 (1185)
528 (576)
529 (7057)
530 (1263)
533 (772)
534 (1531)
538 (3982)
540 (1293)
541 (3735)
544 (773)
546 (1050)
548 (2843)
550 (1203)
554 (1114)
557 (587)
558 (957)
561 (2783)
563 (1065)
565 (640)
567 (1102)
568 (956)
569 (2835)
571 (2902)
572 (1589)
573 (1229)
574 (1297)
576 (1337)
577 (1695)
578 (1290)
579 (2164)
580 (1667)
581 (2943)
583 (1389)
585 (856)
590 (814)
591 (1241)
593 (2601)
594 (1516)
595 (797)
597 (2883)
598 (3219)
600 (1192)
605 (1652)
606 (2668)
608 (999)
611 (1444)
614 (3134)
616 (568)
617 (2614)
618 (1337)
620 (2100)
622 (826)
623 (1845)
624 (915)
626 (874)
628 (1102)
629 (893)
630 (1523)
631 (2793)
632 (1070)
633 (780)
634 (2492)
638 (2288)
639 (1572)
640 (932)
641 (1494)
642 (830)
645 (581)
647 (551)
648 (653)
649 (1292)
651 (1288)
653 (2634)
657 (506)
658 (1881)
659 (835)
660 (610)
661 (2693)
663 (2354)
665 (1297)
672 (743)
673 (1635)
674 (2527)
675 (2976)
676 (2717)
678 (1329)
682 (4132)
684 (5408)
686 (1495)
687 (1762)
688 (1132)
689 (817)
690 (778)
692 (4993)
694 (2847)
701 (1283)
703 (546)
704 (1794)
705 (888)
706 (1923)
707 (1354)
708 (1090)
709 (672)
710 (1044)
711 (714)
712 (845)
713 (716)
716 (1199)
718 (1238)
719 (663)
720 (3864)
722 (5845)
723 (829)
730 (602)
731 (560)
732 (799)
733 (1141)
735 (1689)
736 (1470)
738 (2129)
740 (1632)
742 (953)
744 (2177)
745 (909)
746 (1982)
749 (1330)
752 (2578)
753 (578)
758 (2860)
759 (788)
760 (698)
762 (792)
763 (1862)
765 (1705)
766 (6265)
769 (1622)
771 (505)
774 (2046)
775 (3771)
778 (2514)
780 (2306)
782 (2767)
784 (1257)
785 (947)
788 (2386)
789 (4309)
790 (1094)
792 (1306)
793 (3063)
794 (624)
795 (3361)
797 (2684)
798 (3103)
800 (1916)
801 (835)
803 (2237)
804 (1315)
805 (1789)
809 (2163)
810 (1267)
812 (1518)
814 (1672)
815 (1358)
819 (1257)
820 (1473)
823 (1031)
824 (565)
825 (3085)
826 (2022)
828 (542)
829 (6810)
830 (841)
831 (852)
832 (2062)
833 (629)
834 (1373)
835 (732)
837 (619)
838 (953)
839 (854)
841 (1927)
842 (752)
843 (1222)
844 (2814)
845 (585)
846 (1480)
851 (577)
852 (538)
853 (1804)
854 (2847)
855 (939)
857 (1588)
858 (866)
859 (1242)
860 (1255)
862 (3649)
867 (1530)
868 (510)
871 (2810)
874 (2237)
878 (2047)
879 (865)
883 (4902)
884 (1645)
885 (3043)
886 (3053)
887 (1671)
888 (3686)
890 (1437)
893 (1947)
895 (3385)
897 (1935)
899 (1252)
900 (1165)
903 (711)
905 (640)
906 (1444)
909 (525)
910 (1695)
911 (586)
912 (1009)
913 (1939)
914 (4037)
918 (3012)
919 (3710)
921 (2425)
922 (990)
923 (1753)
925 (652)
926 (672)
928 (1034)
932 (1786)
933 (523)
934 (510)
935 (1742)
937 (4681)
938 (766)
940 (536)
941 (1126)
943 (821)
944 (2794)
945 (536)
946 (1350)
947 (3690)
948 (1149)
949 (1414)
950 (1463)
952 (1574)
953 (525)
956 (3626)
960 (2732)
963 (1327)
964 (1518)
966 (3921)
967 (1695)
969 (849)
970 (2086)
973 (512)
975 (1764)
978 (1141)
980 (899)
981 (1542)
982 (1640)
984 (1756)
988 (1164)
989 (1289)
991 (1268)
992 (1116)
995 (1521)
998 (2713)
4 373 (572)
716 4 (576)
32 6 (607)
472 6 (635)
676 6 (769)
120 12 (503)
132 12 (785)
227 12 (657)
12 390 (687)
722 12 (740)
17 541 (613)
17 956 (607)
57 21 (661)
21 205 (620)
362 21 (523)
21 413 (756)
793 21 (765)
857 21 (729)
21 918 (511)
58 27 (537)
354 27 (529)
32 285 (687)
32 472 (609)
32 947 (720)
33 217 (852)
33 283 (845)
33 346 (844)
33 515 (824)
362 38 (617)
918 38 (506)
145 39 (734)
368 39 (565)
419 39 (511)
704 39 (1107)
825 39 (1187)
41 541 (589)
52 598 (539)
944 54 (640)
998 54 (637)
57 362 (538)
368 57 (568)
57 918 (504)
57 937 (782)
58 354 (643)
69 285 (513)
362 69 (757)
69 871 (515)
684 70 (860)
765 70 (789)
819 70 (798)
766 71 (673)
72 183 (575)
72 541 (846)
72 937 (628)
75 325 (500)
75 438 (772)
75 684 (797)
75 775 (787)
75 829 (510)
120 90 (523)
90 309 (536)
90 510 (510)
90 620 (550)
793 90 (519)
93 789 (538)
428 94 (508)
362 100 (595)
105 494 (622)
105 815 (616)
105 862 (616)
944 105 (626)
673 116 (577)
120 132 (512)
120 309 (502)
120 510 (542)
120 593 (642)
120 620 (511)
120 638 (500)
120 793 (547)
120 829 (575)
120 862 (665)
120 885 (507)
120 895 (685)
130 274 (544)
132 638 (540)
688 132 (580)
460 143 (555)
481 143 (558)
919 143 (564)
145 419 (631)
168 154 (574)
157 719 (519)
354 158 (644)
158 583 (639)
617 158 (637)
766 175 (552)
834 175 (543)
910 175 (713)
177 775 (510)
177 947 (600)
366 183 (616)
541 183 (529)
766 183 (608)
185 471 (680)
185 678 (664)
960 185 (677)
192 487 (517)
192 638 (529)
192 888 (534)
192 935 (775)
197 878 (544)
529 205 (554)
208 290 (803)
208 458 (796)
208 888 (829)
208 969 (806)
210 829 (508)
354 214 (775)
956 214 (577)
217 283 (926)
217 346 (1336)
217 394 (543)
217 487 (546)
217 510 (547)
217 515 (843)
217 546 (599)
217 561 (519)
217 661 (693)
888 217 (539)
217 923 (625)
217 947 (716)
227 390 (1049)
722 227 (995)
229 758 (516)
236 541 (510)
236 829 (566)
956 236 (521)
240 956 (524)
392 242 (524)
242 471 (685)
489 242 (526)
242 758 (669)
489 279 (547)
766 279 (501)
346 283 (910)
515 283 (835)
285 871 (523)
947 285 (677)
290 458 (786)
888 290 (826)
969 290 (797)
296 368 (634)
296 829 (736)
620 309 (501)
793 309 (507)
509 335 (639)
346 515 (849)
561 346 (666)
888 346 (689)
912 348 (562)
634 349 (512)
888 349 (530)
411 350 (624)
572 350 (613)
579 350 (630)
803 350 (634)
842 350 (601)
480 354 (540)
354 583 (660)
617 354 (680)
354 722 (566)
752 354 (548)
354 956 (586)
362 918 (532)
368 438 (518)
368 460 (502)
368 470 (581)
368 494 (860)
368 529 (640)
368 653 (548)
368 682 (1193)
368 692 (928)
368 766 (504)
368 829 (1194)
368 937 (701)
716 373 (585)
385 684 (639)
722 390 (1042)
392 461 (502)
392 489 (866)
392 569 (535)
392 801 (664)
392 862 (881)
401 460 (554)
401 571 (708)
401 758 (604)
403 950 (541)
411 572 (610)
579 411 (617)
803 411 (826)
842 411 (603)
793 413 (766)
857 413 (731)
419 581 (546)
665 419 (533)
752 419 (597)
419 797 (622)
419 854 (519)
684 438 (825)
966 438 (676)
448 538 (723)
448 887 (621)
937 450 (561)
888 458 (796)
969 458 (788)
481 460 (526)
684 460 (619)
460 919 (591)
923 460 (574)
569 461 (500)
461 862 (514)
534 470 (764)
793 470 (581)
995 470 (754)
663 471 (633)
678 471 (810)
758 471 (694)
871 471 (643)
960 471 (935)
477 766 (525)
481 919 (536)
510 487 (646)
638 487 (523)
888 487 (558)
935 487 (519)
541 494 (694)
494 631 (659)
682 494 (714)
494 815 (625)
862 494 (720)
883 494 (671)
893 494 (572)
944 494 (654)
963 494 (611)
496 626 (761)
937 509 (643)
620 510 (509)
793 510 (535)
744 516 (678)
617 522 (622)
523 998 (561)
529 591 (509)
529 598 (943)
529 782 (862)
529 829 (584)
995 534 (750)
538 780 (511)
538 878 (767)
541 631 (625)
956 541 (570)
963 541 (590)
546 661 (610)
546 923 (600)
546 947 (608)
888 561 (678)
569 801 (503)
569 862 (552)
571 623 (783)
795 571 (838)
571 853 (793)
579 572 (601)
803 572 (604)
842 572 (592)
803 579 (619)
842 579 (600)
580 871 (541)
581 631 (580)
581 966 (624)
617 583 (631)
593 862 (615)
593 895 (631)
597 766 (569)
960 597 (504)
782 598 (800)
606 975 (682)
617 885 (632)
793 620 (519)
795 623 (805)
853 623 (791)
735 631 (535)
780 631 (540)
963 631 (591)
888 638 (529)
638 935 (513)
923 661 (623)
947 661 (637)
871 663 (624)
720 674 (537)
675 701 (540)
675 886 (823)
960 678 (669)
684 765 (812)
684 766 (613)
819 684 (800)
923 684 (514)
746 692 (578)
692 766 (535)
704 825 (1102)
704 884 (540)
867 707 (504)
883 708 (609)
978 708 (569)
720 780 (587)
780 735 (527)
746 966 (618)
819 765 (787)
960 766 (621)
883 774 (557)
956 788 (733)
789 829 (1194)
793 857 (734)
793 914 (568)
984 793 (656)
795 853 (806)
862 798 (513)
801 862 (674)
842 803 (607)
829 814 (501)
862 815 (615)
944 815 (626)
825 879 (537)
883 853 (571)
899 854 (539)
862 895 (635)
944 862 (659)
978 883 (601)
937 884 (594)
888 935 (535)
888 969 (810)
984 914 (546)
923 947 (859)
944 998 (637)
4 716 373 (531)
32 472 6 (545)
227 12 390 (607)
722 227 12 (609)
722 12 390 (629)
793 21 413 (700)
793 21 857 (695)
857 21 413 (688)
32 947 285 (609)
33 283 217 (793)
33 346 217 (802)
33 515 217 (789)
33 346 283 (802)
515 33 283 (786)
33 346 515 (797)
704 825 39 (1035)
944 998 54 (578)
684 765 70 (695)
819 684 70 (700)
819 765 70 (698)
75 684 438 (672)
105 494 815 (552)
105 862 494 (549)
105 862 815 (547)
944 105 494 (557)
944 105 815 (566)
944 105 862 (559)
120 593 862 (572)
120 593 895 (579)
120 862 895 (571)
354 158 583 (595)
617 354 158 (597)
617 158 583 (590)
185 678 471 (657)
960 185 471 (656)
960 185 678 (652)
192 935 487 (500)
192 638 935 (504)
192 888 935 (505)
208 290 458 (751)
208 888 290 (764)
208 969 290 (764)
208 888 458 (757)
208 969 458 (755)
208 888 969 (771)
217 346 283 (827)
515 217 283 (799)
217 346 515 (809)
217 546 661 (585)
217 546 923 (576)
217 546 947 (577)
217 923 661 (584)
217 947 661 (583)
217 923 947 (583)
722 227 390 (907)
242 758 471 (607)
515 346 283 (806)
888 290 458 (750)
888 969 290 (765)
969 290 458 (748)
296 368 829 (501)
888 561 346 (605)
411 572 350 (565)
579 411 350 (562)
579 572 350 (557)
803 411 350 (573)
803 572 350 (563)
579 803 350 (565)
842 411 350 (566)
842 572 350 (561)
842 579 350 (562)
842 803 350 (570)
617 354 583 (586)
368 682 494 (591)
392 801 862 (637)
572 579 411 (560)
572 803 411 (567)
579 803 411 (573)
842 411 572 (561)
579 842 411 (568)
803 842 411 (575)
793 413 857 (691)
888 969 458 (756)
995 534 470 (667)
471 663 871 (568)
960 678 471 (658)
541 494 631 (554)
494 862 815 (546)
944 494 815 (553)
944 862 494 (550)
963 541 494 (549)
963 494 631 (546)
529 782 598 (737)
963 541 631 (540)
546 923 661 (592)
546 947 661 (592)
546 923 947 (584)
571 853 623 (713)
571 795 623 (704)
571 795 853 (715)
579 803 572 (559)
842 579 572 (558)
842 803 572 (562)
803 842 579 (570)
593 862 895 (573)
795 853 623 (720)
947 923 661 (591)
819 684 765 (699)
978 883 708 (542)
944 862 815 (552)
722 227 390 12 (578)
21 857 793 413 (664)
33 217 346 283 (766)
33 515 217 346 (764)
33 515 346 283 (763)
819 70 684 765 (630)
862 105 494 815 (500)
944 105 494 815 (512)
944 862 105 494 (507)
944 105 862 815 (510)
593 120 862 895 (562)
354 583 617 158 (557)
960 678 471 185 (648)
208 290 888 458 (720)
208 290 888 969 (734)
208 290 969 458 (719)
208 888 969 458 (725)
515 217 346 283 (773)
546 661 217 923 (571)
546 947 661 217 (572)
546 947 217 923 (564)
947 661 217 923 (568)
290 888 969 458 (720)
579 803 411 350 (535)
579 803 572 350 (528)
842 411 572 350 (532)
579 842 572 350 (528)
803 842 572 350 (534)
579 803 411 572 (533)
579 803 842 411 (542)
944 862 494 815 (502)
963 631 541 494 (513)
546 947 661 923 (578)
571 853 795 623 (655)
290 969 458 208 888 (693)
546 947 661 217 923 (559)
